CART_DE
0.20526315789473684 0.2145450772901753 0.22762499999999997 0.22800593328277524 0.23035535797303575 0.23923452484742813 0.24024777933613828 0.2405434317501069 0.24549973161567362 0.256599767482494 0.25666323546962644 0.2591269841269842 0.25952597402597405 0.2639076923076923 0.26446589446589447 0.26917839105339103 0.27166666666666667 0.27444785276073624 0.2750018610137658 0.2785986177565125 0.2786295258844279 0.28317218642122066 0.2833333333333333 0.28726736111111106 0.28770254629629627 0.28874779541446205 0.29438150413045805 0.29485389414021324 0.299269885155185 0.2993939393939392 0.30419593023255814 0.30766414141414133 0.30952380952380953 0.30968468468468463 0.3110380116959064 0.31247795414462076 0.312953216374269 0.31814236111111105 0.32052469135802464 0.32272132109088336 0.328637562660119 0.33118582338595814 0.33165150261924453 0.3332653061224489 0.33478037678539363 0.33697249881460406 0.33948194662480385 0.3422308954276037 0.35166166203046995 0.35472411186696906 0.36107817620975513 0.3633181075720452 0.3733333333333334 0.37375107079868974 0.39577086717722587 0.39935918513097374 0.401360544217687 0.40909999999999996 0.4349744897959183 0.4615778488310919 

CART_FLASH
0.1532329016132696 0.18458049886621308 0.20370370370370366 0.20453216374269 0.20546728971962613 0.21305697278911565 0.21646341463414637 0.21699404761904761 0.21978914564201174 0.22317543859649122 0.22952380952380944 0.23469387755102036 0.24000000000000002 0.24277972231944933 0.24380555555555555 0.246397778682477 0.24711323378272176 0.24880724299065418 0.25877850697292853 0.26077287374279845 0.2614126984126985 0.26243518518518516 0.2641960549910341 0.2652777777777777 0.2654161445279867 0.26613669590643274 0.2670595238095238 0.2675303202088916 0.27172875816993464 0.2741224489795918 0.2752451596023024 0.2753472222222222 0.27649880095923257 0.27678471388555415 0.28307954964931686 0.2861111111111108 0.2880395299145299 0.2920040275524436 0.2929833333333334 0.2936320754716981 0.2979427886262419 0.3037022532693575 0.30422819767441867 0.3050040990326283 0.31291111111111114 0.31446608946608956 0.31683367591640976 0.3175781975321145 0.31802410901467504 0.3180468447541618 0.32897959183673475 0.3290833333333333 0.33641658102089755 0.33671391332681655 0.33792564102564104 0.3472222222222222 0.3536772486772487 0.3571417382742571 0.38132222222222223 0.47691872427983545 

CART0
0.16904761904761906 0.18537671954486618 0.19615384615384618 0.20528455284552843 0.21017628205128205 0.21071428571428572 0.21712018140589573 0.23888888888888887 0.24695121951219512 0.25 0.2733333333333333 0.2733333333333333 0.2768713450292397 0.2777777777777778 0.2784846732215154 0.2828571428571429 0.2890625 0.3006481481481481 0.3022941970310391 0.30333333333333334 0.3043713450292398 0.3056616676098849 0.3070175438596491 0.30814814814814817 0.30952380952380953 0.31666666666666665 0.31785714285714284 0.32098765432098764 0.32129032258064516 0.32666666666666666 0.3302180685358255 0.3325617283950617 0.3333333333333333 0.3333333333333333 0.3395061728395061 0.3416666666666667 0.3449842492124606 0.3466666666666667 0.34807692307692306 0.3598278335724534 0.36156243142418254 0.3680555555555556 0.37067825613502897 0.38129032258064516 0.38129032258064516 0.3838990182328191 0.39331758254579396 0.39444444444444443 0.3945578231292517 0.4 0.40732829885160193 0.421493991366235 0.4476190476190476 0.47017543859649125 0.4838056680161943 0.48684210526315785 0.49489795918367346 0.4978257609836557 0.5124807036961524 0.5166666666666666 

RF
0.17148834429169157 0.1818681318681319 0.1844444444444445 0.19215053763440873 0.20195767195767197 0.21275441329179645 0.21904761904761907 0.22036111111111117 0.22317504764127094 0.22585034013605443 0.23083333333333325 0.2377777777777778 0.24203703703703702 0.24311111111111106 0.2433725490196078 0.24352626685262674 0.24404730150262288 0.2510162601626016 0.25881944444444444 0.2786639106730111 0.2875375375375375 0.2891292735042735 0.29207639171068667 0.29260106788710905 0.2931848852901484 0.2940158952781674 0.2995918367346938 0.3004062126642772 0.30092592592592593 0.3026666666666666 0.3032026143790849 0.3055555555555556 0.3125302144249512 0.3130943847072879 0.3169444444444444 0.32408401957274136 0.327604056859763 0.3276353276353276 0.33386666666666664 0.341199652941115 0.3444444444444445 0.34972222222222227 0.35066666666666657 0.3571428571428571 0.3638888888888889 0.3681910569105691 0.36970370370370376 0.37370990237099033 0.3812861111111111 0.38786163522012573 0.4053118908382067 0.40675294508047116 0.40884773662551444 0.41143724696356276 0.41653593117408905 0.43585375816993466 0.43925925925925924 0.45886127639715313 0.47058194266153186 0.4788846585186402 

SVR
0.6585267084734132 0.6690360146880099 0.6751627996217788 0.6756293138131381 0.6759038666052585 0.6850132987423372 0.6893002050885648 0.7001565399506609 0.7034113742926402 0.7091383965133635 0.7095115890331161 0.7116774746238834 0.7265092870374927 0.7310389942544765 0.7362627560990849 0.7526475324806335 0.7527023087520611 0.762417603134243 0.7710250856740019 0.7797604641670105 0.7825835582793791 0.7877613519227924 0.7961412987263727 0.8108234420077687 0.8228811671558838 0.8377675208187949 0.8571488181713063 0.8597557109164313 0.861005891384407 0.8610964225633513 0.8642579512935624 0.8701616342286117 0.8764068134749035 0.8806991298259392 0.8944762452475683 0.8962450252021505 0.9001403666941479 0.9006642306841759 0.9051131403575747 0.9106395843638706 0.9112867837309591 0.9183599734638848 0.9184402832892005 0.9330162341796879 0.938094659711412 0.9416586594133346 0.9466917153355784 0.9572778802871253 0.9717743762211521 0.9749532704153814 1.048621691134127 1.0940922257861156 1.0976212173501827 1.1195200840461481 1.3863251047698935 1.5364760374873834 1.5862930089745755 2.0735257878902345 2.139421003548892 2.1988805594318297 

ABE0
0.45336477987421386 0.49 0.5072592592592592 0.5350003320714618 0.5386842105263159 0.5494803476946334 0.5523066926575698 0.5545655042041628 0.5654761904761905 0.568922305764411 0.5694444444444444 0.5866878306878307 0.5905558876270174 0.6044736842105263 0.6073888888888889 0.6096296296296295 0.6143376068376069 0.6158058142816821 0.6197341696535243 0.627017543859649 0.6307526881720429 0.6315555555555554 0.6439496176338282 0.645 0.6506868131868132 0.6533333333333333 0.6561904761904762 0.6577978689053923 0.6628151709401708 0.6658009567145023 0.6673577038988401 0.6745622119815667 0.6766349206349206 0.6779274575327208 0.6792582417582418 0.6813301282051282 0.6846671698664298 0.6973750307885764 0.7000866710002167 0.7008333333333333 0.7096104805240262 0.7104294478527606 0.7115373437954082 0.7121428571428572 0.7142857142857143 0.719967623381169 0.7246428571428571 0.750752688172043 0.7523792856309481 0.7534391534391534 0.765079365079365 0.7839809134287661 0.7993183367416496 0.8033333333333333 0.827057945041816 0.8319444444444444 0.838277428371768 0.8813888888888888 0.9102900069881201 1.2929732868757258 